episode,x,y,z
1,1.38437157869339,64.24115896224976,0.0
2,32.44200347363949,54.72325091063976,0.0
3,88.23701786994934,86.01756259985268,0.0
4,7.019315332174301,23.35408554229845,0.0
5,3.2268930673599243,0.0,0.0
6,0.0,73.80524040386081,0.0
7,3.1474011142926903,0.0,0.0
8,31.66242006421089,55.80461484193802,0.0
9,2.4631954431533813,0.0,0.0
10,3.661174952983856,0.0,0.0
11,0.0,18.846668243408203,0.0
12,2.7246541430658766,0.0,0.0
13,0.0,85.28804564476013,0.0
14,0.0,82.32888638973236,0.0
15,2.98213143351329,0.0,0.0
16,10.343423962593079,32.40482522174716,0.0
17,2.4386502203289204,0.0,0.0
18,0.0,10.674515724182129,0.0
19,10.37302602827549,8.18824027478695,0.0
20,0.0,0.0,0.0
21,3.0163913306067736,0.0,0.0
22,0.0,91.99361300468445,0.0
23,39.646060451865196,44.36052744254931,0.0
24,3.086157432905525,0.0,0.0
25,18.21931743621826,30.712153106704868,0.0
26,3.702545543773998,0.0,0.0
27,15.229797840118408,23.296154351364187,0.0
28,3.689187616333455,0.0,0.0
29,0.0,13.252316445112228,0.0
30,0.0,14.479827001690865,0.0
31,2.7040263195056222,0.0,0.0
32,3.398098945617676,0.0,0.0
33,3.2927254425963346,0.0,0.0
34,2.235100756952493,0.0,0.0
35,0.0,12.905704318865126,0.0
36,2.2427857909502342,0.0,0.0
37,2.571686311289929,0.2920318425995925,0.0
38,0.0,9.837596714496613,0.0
39,0.0,2.592512795176223,0.0
40,0.0,11.839784178222615,0.0
41,27.4864159533754,29.019313134253025,0.0
42,0.0,68.25479608867317,0.0
43,3.4790813611044817,0.41321582604196383,0.0
44,2.0418601549546853,0.0,0.0
45,2.809133529663086,0.0,0.0
46,0.0,12.170017570257187,0.0
47,0.0,10.436090404762545,0.0
48,0.0,8.771219730377197,0.0
49,3.132094929486071,0.0,0.0
50,0.0,7.973730728030205,0.0
51,2.592866320083044,0.0,0.0
52,0.0,3.0839955502999317,0.0
53,0.0,9.704469285905361,0.0
54,11.359148623737397,18.209400889677,0.0
55,0.0,7.78092348575592,0.0
56,5.826217854395509,6.416180670930075,0.0
57,0.0,4.054687738418579,0.0
58,2.105785664227903,0.0,0.0
59,3.1005276414399296,0.0,0.0
60,0.0,4.6413335502147675,0.0
61,0.006116032600402832,6.131689012050629,0.0
62,2.0060765743255615,0.0,0.0
63,2.7778816686330554,0.0,0.0
64,2.674204058682786,0.0,0.0
65,2.42123444755924,0.0,0.0
66,7.068691253662109,9.38565182685852,0.0
67,0.0,2.3394904136657715,0.0
68,2.8772682955319384,0.0,0.0
69,0.0,3.219407558441162,0.0
70,0.0,5.369621075689793,0.0
71,2.978634633551044,0.0,0.0
72,2.0395036935806274,9.180731534957886,0.0
73,0.0,0.0,0.0
74,0.0,9.399802714586258,0.0
75,0.0,0.0,0.0
76,0.0,0.0,0.0
77,2.853229466744412,0.0,0.0
78,2.324347767340975,0.0,0.0
79,0.0,0.0,0.0
80,0.0,0.11789941787719727,0.0
81,0.0,0.0,0.0
82,0.0,4.398146629333496,0.0
83,0.0,4.572064399719238,0.0
84,2.7623561403594366,0.06436703206379152,0.0
85,0.0,0.6458911895751953,0.0
86,0.0,5.0,0.0
87,0.0,0.0,0.0
88,0.0,5.5489091873168945,0.0
89,0.0,3.8703107833862305,0.0
90,3.080903735082393,0.7779757687774058,0.0
91,3.336498917696043,0.27685298210916176,0.0
92,2.5109220044095903,0.0,0.0
93,0.0,5.7586445808410645,0.0
94,0.0,0.0,0.0
95,2.7059383021876267,0.4421427694661487,0.0
96,0.0,0.40050840377807617,0.0
97,0.0,0.897181510925293,0.0
98,3.048372609747658,0.0,0.0
99,0.0,5.16234016418457,0.0
100,0.0,0.0,0.0
101,0.0,0.07647491793545669,0.0
102,0.0,0.0,0.0
103,3.339332236579268,0.0,0.0
104,3.3308374148128777,1.0078016402624188,0.0
105,0.0,5.0,0.0
106,0.0,1.6940203811163546,0.0
107,0.0,6.332268425389306,0.0
108,0.0,7.187754006054909,0.0
109,0.0,0.0,0.0
110,2.8796281891415223,0.0,0.0
111,0.0,4.551011317564615,0.0
112,3.479741337014396,0.0,0.0
113,0.0,11.38407039642334,0.0
114,0.0,13.928920079800791,0.0
115,2.1150052131657664,0.0,0.0
116,0.0,13.339776992797852,0.0
117,0.0,19.35358151354386,0.0
118,0.0,13.676782572592895,0.0
119,0.0,13.687897234994193,0.0
120,0.0,19.5376558303833,0.0
121,0.0,18.926982641220093,0.0
122,0.0,18.505096885695195,0.0
123,2.8194744592034615,0.0,0.0
124,0.0,14.015390462322515,0.0
125,2.1278087067181475,0.5737190289356853,0.0
126,0.0,13.174102037883259,0.0
127,0.0,17.987573161679524,0.0
128,3.3943630125252975,0.46588628033596535,0.0
129,0.0,17.145951809079726,0.0
130,2.08855672948534,0.0,0.0
131,3.585423582968372,0.0,0.0
132,0.0,19.219709573081783,0.0
133,2.5376073711855742,0.0,0.0
134,0.0,11.11030489902241,0.0
135,0.0,11.8201219718237,0.0
136,2.0606607579198255,0.0,0.0
137,0.0,14.448341386414057,0.0
138,0.0,10.822821521844588,0.0
139,3.524493247244748,0.0,0.0
140,0.0,13.407115695366615,0.0
141,0.0,11.622070028210963,0.0
142,0.0,15.118129226407465,0.0
143,3.630979446946684,0.0,0.0
144,0.0,15.32787619594599,0.0
145,0.0,20.0,0.0
146,3.3854743713619015,0.0,0.0
147,2.0558817675088004,0.0,0.0
148,2.586273569033234,0.4330189930408168,0.0
149,0.0,16.039481133498917,0.0
150,3.2087280909704683,0.0,0.0
151,0.0,13.443200343120445,0.0
152,0.0,20.309734463229013,0.0
153,0.0,28.236819810876817,0.0
154,0.0,24.911356955817222,0.0
155,0.0,29.05714322532225,0.0
156,2.9714583747710033,0.0,0.0
157,0.0,22.58490464584562,0.0
158,0.0,20.171790891282036,0.0
159,2.3069531966834855,0.0,0.0
160,0.0,22.578641798843883,0.0
161,0.0,25.22602073704708,0.0
162,0.0,16.304511619810086,0.0
163,0.0,16.230509775568734,0.0
164,0.0,13.544171851541442,0.0
165,0.0,12.450084005928073,0.0
166,0.0,12.145060314329214,0.0
167,0.0,13.153045796004065,0.0
168,0.0,10.635189056396484,0.0
169,0.0,12.415904521942139,0.0
170,0.0,18.270255979465816,0.0
171,0.0,15.563550819834564,0.0
172,2.2426297592674906,0.0,0.0
173,3.350762053723831,0.0,0.0
174,0.0,14.547531806560432,0.0
175,0.0,13.20846726063045,0.0
176,2.4391782920471337,0.0,0.0
177,0.0,17.18556656211387,0.0
178,0.0,22.825298070907593,0.0
179,0.0,20.96737224905336,0.0
180,0.0,20.174536281670214,0.0
181,1.8636106156342045,0.0,0.0
182,3.6381045578319204,0.0,0.0
183,0.0,22.772933731327083,0.0
184,3.522851795657079,0.0,0.0
185,3.7123073730623,0.0,0.0
186,2.6041102474578617,0.0,0.0
187,3.0925627277960333,0.0,0.0
188,2.6159359942334817,1.1467729911792341,0.0
189,3.3573113000369945,1.0292816190793097,0.0
190,0.0,22.498388509132447,0.0
191,0.0,23.058023179920884,0.0
192,0.0,25.842906570464997,0.0
193,0.0,22.67657617804656,0.0
194,0.0,26.230334453221673,0.0
195,0.0,22.88077424546803,0.0
196,1.9001706314154931,0.24449888816457155,0.0
197,0.0,28.789992737925672,0.0
198,0.0,29.513158120606043,0.0
199,0.0,30.094203802901077,0.0
200,0.0,27.640781574239433,0.0
201,0.0,25.60683363676071,0.0
202,0.0,31.22372740580401,0.0
203,0.0,32.4663143157959,0.0
204,0.0,32.97895507621772,0.0
205,0.0,27.939940473257565,0.0
206,0.0,38.51621233372436,0.0
207,0.0,40.82896015315843,0.0
208,0.0,37.25014809316794,0.0
209,0.0,33.53176975166339,0.0
210,0.0,34.15142636025256,0.0
211,3.0026940557535773,0.0,0.0
212,0.0,36.577866219736016,0.0
213,0.0,31.881519008472253,0.0
214,2.5294674869827647,0.0,0.0
215,0.0,30.0,0.0
216,3.060137750160803,0.0,0.0
217,0.0,32.69292025808251,0.0
218,0.0,30.02232998609543,0.0
219,0.0,23.899840734074164,0.0
220,3.659540855264447,0.0,0.0
221,0.0,25.749280809008145,0.0
222,1.580498456954956,24.83965088189681,0.0
223,1.9679334105684037,0.6338885477784817,0.0
224,0.0,20.0,0.0
225,3.7421067596712208,0.0,0.0
226,0.0,24.214469758446537,0.0
227,0.0,24.102053354776643,0.0
228,0.0,19.234065532684326,0.0
229,0.0,20.227347281084437,0.0
230,2.2490286980907346,0.0,0.0
231,1.9254629664830158,0.0,0.0
232,0.0,18.440337085002756,0.0
233,0.0,12.347296275703641,0.0
234,2.481809762041849,0.0,0.0
235,3.5163951629192325,0.0,0.0
236,0.0,8.79165362409543,0.0
237,0.0,8.536672115325928,0.0
238,3.083376509706295,0.9527866766639361,0.0
239,2.9594069690299074,0.0,0.0
240,0.0,2.1691200891156956,0.0
241,2.3361728377446447,0.0,0.0
242,0.0,1.74887100709201,0.0
243,0.0,0.0,0.0
244,0.0,0.0,0.0
245,0.0,2.078333401354765,0.0
246,2.167711343232197,0.0,0.0
247,3.5211079748068386,0.0,0.0
248,2.688517171304178,0.0,0.0
249,0.0,0.0,0.0
250,3.363007793966004,0.0,0.0
251,0.0,5.0,0.0
252,0.0,5.0,0.0
253,3.426655193374014,0.0,0.0
254,3.458786975522502,0.0,0.0
255,0.0,9.385109302623365,0.0
256,0.0,12.510686862332602,0.0
257,3.4415896452471557,0.0,0.0
258,3.5041737005888027,0.0,0.0
259,2.7049843129931794,0.08469336112984727,0.0
260,0.0,10.725149451331585,0.0
261,0.0,10.0,0.0
262,0.0,10.0,0.0
263,0.0,11.372609986432359,0.0
264,0.0,11.863043163101015,0.0
265,0.0,16.185475871173608,0.0
266,0.0,18.68287502520353,0.0
267,2.230852281120775,0.8598883172051597,0.0
268,2.8748784129389238,0.0,0.0
269,0.0,13.4614925138793,0.0
270,0.0,8.014792097627506,0.0
271,0.0,4.450231880758491,0.0
272,2.7831794335645377,0.0,0.0
273,0.0,0.7431407545697253,0.0
274,0.0,5.0,0.0
275,3.6791642769127786,0.0,0.0
276,0.0,0.0,0.0
277,0.0,0.0,0.0
278,2.2937111627005144,0.0,0.0
279,3.3210840649082685,0.592897230295728,0.0
280,2.5860054464968707,0.0,0.0
281,3.1091886303612215,0.0,0.0
282,99.0,11.044962268322706,0.0
283,2.1342457890690225,0.0,0.0
284,99.0,0.0,0.0
285,0.0,0.0,0.0
286,99.0,0.0,0.0
287,0.0,0.0,0.0
288,0.0,0.0,0.0
289,0.0,0.0,0.0
290,99.0,0.0,0.0
291,0.0,0.0,0.0
292,99.0,0.0,0.0
293,0.0,0.0,0.0
294,0.0,0.0,0.0
295,1.9060547811041417,0.0,0.0
296,0.0,0.0,0.0
297,1.9926870900820315,0.0,0.0
298,2.3415478310317095,0.0,0.0
299,0.0,0.0,0.0
300,2.6516568951364876,0.0,0.0
301,0.0,0.0,0.0
302,1.9371013574089002,0.0,0.0
303,0.0,0.0,0.0
304,99.0,0.0,0.0
305,99.0,0.0,0.0
306,2.5806541318588163,0.0,0.0
307,0.0,0.0,0.0
308,99.0,0.0,0.0
309,0.0,0.0,0.0
310,3.613396240045298,0.0,0.0
311,99.0,0.0,0.0
312,0.0,0.0,0.0
313,0.0,0.0,0.0
314,0.0,0.0,0.0
315,3.6992747642149784,0.0,0.0
316,0.0,0.0,0.0
317,0.0,0.0,0.0
318,0.0,0.0,0.0
319,2.214369289142639,0.0,0.0
320,0.0,0.0,0.0
321,3.2466015006947577,0.0,0.0
322,0.0,0.0,0.0
323,0.0,0.0,0.0
324,0.0,0.0,0.0
325,2.7995203834618954,0.0,0.0
326,0.0,0.0,0.0
327,2.2360578023041757,0.02774345874786377,0.0
328,1.9310850538069335,0.0,0.0
329,2.766754213361635,0.0,0.0
330,2.911116876954062,0.0,0.0
331,0.0,0.0,0.0
332,3.2459246266746318,0.0,0.0
333,3.2433307745513886,1.0193740108875726,0.0
334,0.0,0.0,0.0
335,1.926786411746635,0.0,0.0
336,0.0,0.0,0.0
337,2.4261917452980883,0.0,0.0
338,0.0,0.0,0.0
339,2.29384700594095,0.0,0.0
340,2.6193526446836977,0.15051188922757364,0.0
341,2.412349952914857,0.0,0.0
342,0.0,0.0,0.0
343,0.0,0.0,0.0
344,2.815270069876548,0.2976364372681721,0.0
345,2.5607691404649104,0.0,0.0
346,99.0,0.0,0.0
347,0.0,0.0,0.0
348,3.6732586057153505,0.0,0.0
349,0.0,0.0,0.0
350,0.0,0.0,0.0
351,0.0,0.0,0.0
352,0.0,0.0,0.0
353,0.0,0.0,0.0
354,2.3869084059957513,0.0,0.0
355,2.7714332652812104,0.0,0.0
356,0.0,0.0,0.0
357,0.0,0.0,0.0
358,3.5232846344092756,0.0,0.0
359,3.1839054969945524,0.0,0.0
360,2.074447903644229,0.614427696755262,0.0
361,3.581022101790154,0.0,0.0
362,3.0729345883689585,0.0,0.0
363,2.268703425264722,0.0,0.0
364,0.0,0.0,0.0
365,2.8230142515531096,0.0,0.0
366,2.990019530057907,0.0,0.0
367,3.0064030226888407,0.0,0.0
368,2.7531053523602544,0.8255291797827735,0.0
369,2.318269682969155,1.0577600202797621,0.0
370,3.0121707916259766,0.0,0.0
371,19.65904402732849,0.0,0.0
372,20.0,0.0,0.0
373,20.7711501121521,0.0,0.0
374,3.371272945892393,0.0,0.0
375,3.5046953220166657,0.0,0.0
376,21.701803414485973,0.0,0.0
377,17.35442805290222,0.0,0.0
378,20.0,0.0,0.0
379,2.0109256349982263,0.0,0.0
380,20.826566931334625,0.0,0.0
381,2.69231912403839,0.0,0.0
382,2.9117294163736007,0.0,0.0
383,99.0,0.0,0.0
384,3.019295512900424,0.19829142879602024,0.0
385,23.48423271973659,0.0,0.0
386,3.2274315824766706,0.0,0.0
387,2.4201111003095823,0.0,0.0
388,3.0743627297122345,0.0,0.0
389,28.982497408622244,0.0,0.0
390,31.224299677979936,0.0,0.0
391,2.149596753026477,0.0,0.0
392,3.701983613090658,0.0,0.0
393,52.96763381463707,0.0,0.0
394,99.0,0.0,0.0
395,46.43958158933552,0.0,0.0
396,31.9035044456148,0.0,0.0
397,1.9024243123259992,0.0,0.0
398,3.45357477879491,0.0,0.0
399,2.8950662498108803,0.7724926886716634,0.0
400,33.34178130441484,0.0,0.0
401,2.2494042208995504,0.0,0.0
402,31.81175689052727,0.0,0.0
403,2.833771660469977,0.0,0.0
404,24.795314186393618,0.0,0.0
405,3.08965270372227,0.0,0.0
406,43.17750614813551,0.0,0.0
407,1.9607659193029603,0.0,0.0
408,3.6107344167696596,0.0,0.0
409,49.94814004584436,0.0,0.0
410,2.5162697251763575,0.0,0.0
411,37.68268090421122,0.0,0.0
412,37.73748702255888,0.0,0.0
413,3.057732880858743,0.8671405288400429,0.0
414,34.827682583604606,0.0,0.0
415,3.186304574686919,0.0,0.0
416,3.0983629442137794,0.0,0.0
417,38.27719020843506,0.0,0.0
418,3.1186886777573486,0.0629524777637771,0.0
419,31.266945838928223,0.0,0.0
420,33.88124151076512,0.0,0.0
421,31.457803482960266,0.0,0.0
422,31.865114537449088,0.0,0.0
423,2.7709759427011837,0.0,0.0
424,2.928026517280815,0.0,0.0
425,32.879918882136636,0.0,0.0
426,38.75531756072152,0.0,0.0
427,3.727034115700014,0.0,0.0
428,41.83443466410705,0.0,0.0
429,37.757185220718384,0.0,0.0
430,40.760691377040146,0.0,0.0
431,1.8303642953716515,0.0,0.0
432,33.5990284694097,0.0,0.0
433,38.47168326377869,0.0,0.0
434,29.338443398475647,0.0,0.0
435,3.4147683153147135,0.0,0.0
436,24.48767438696747,0.0,0.0
437,20.0,0.0,0.0
438,20.857729304990862,0.0,0.0
439,24.462544670556618,0.0,0.0
440,26.20680922706898,0.0,0.0
441,24.171303469509972,0.0,0.0
442,26.578586765871712,0.0,0.0
443,2.876548090593759,0.7590709585596604,0.0
444,1.828803355301086,0.0,0.0
445,27.59564505658497,0.0,0.0
446,23.03629590641998,0.0,0.0
447,23.806801110506058,0.0,0.0
448,17.513718324994024,0.0,0.0
449,20.0,0.0,0.0
450,15.219155497041392,0.0,0.0
451,20.0,0.0,0.0
452,3.3851488439456237,0.290275624418177,0.0
453,3.763607049982487,0.0,0.0
454,14.448310089653596,0.0,0.0
455,21.536875943344075,0.0,0.0
456,2.7008706984302755,0.0,0.0
457,20.961138601567598,0.0,0.0
458,1.8225143797015386,0.0,0.0
459,1.8515668556799592,0.0,0.0
460,14.964815327762835,0.0,0.0
461,9.972269535064697,0.0,0.0
462,14.836942219024447,0.0,0.0
463,2.2493318417017254,0.0,0.0
464,2.9475505408687788,0.0,0.0
465,10.0,0.0,0.0
466,10.0,0.0,0.0
467,3.1768052259223123,0.0,0.0
468,3.2295542970344315,0.0,0.0
469,15.79595999468317,0.0,0.0
470,15.278312839697413,0.0,0.0
471,11.440448069996641,0.0,0.0
472,10.20046555307243,0.0,0.0
473,10.0,0.0,0.0
474,11.981305026772404,0.0,0.0
475,14.563895514280437,0.0,0.0
476,2.6181195909066046,0.43073070703038896,0.0
477,14.095213712132873,0.0,0.0
478,11.291325832324333,0.0,0.0
479,11.666242027350107,0.0,0.0
480,2.7479516028619466,0.0,0.0
481,3.1005237442863534,0.0,0.0
482,4.929228639448656,0.0,0.0
483,10.876745713318252,0.0,0.0
484,14.267830103243792,0.0,0.0
485,14.142636269370964,0.0,0.0
486,1.987720411900904,0.7118754746134737,0.0
487,3.280319069118166,0.49878007982175454,0.0
488,10.68987883316143,0.0,0.0
489,8.332271337509155,0.0,0.0
490,2.0784062144613236,0.0,0.0
491,23.151989153047552,0.0,0.0
492,23.917708128535093,0.0,0.0
493,19.303242400277917,0.0,0.0
494,23.308618011657117,0.0,0.0
495,20.832075106498436,0.0,0.0
496,20.0,0.0,0.0
497,22.26712856682263,0.0,0.0
498,24.0761366346887,0.0,0.0
499,3.492708404201862,0.0,0.0
500,17.8084454536438,0.0,0.0
